828
1777
433
381
1715
979
1490
580
1575
81
610
132
1485
268
635
1044
797
1923
1601
625
885
456
340
1367
10
488
1602
24
517
1240
501
790
696
779
430
1925
819
101
1719
351
158
1912
465
467
674
568
1769
1336
1111
872
1977
793
27
754
135
75
1005
1569
623
1924
124
1480
313
757
138
1195
507
559
1068
817
1518
726
1677
1016
216
1745
909
282
349
1385
1224
149
1301
1277
1731
1431
1316
883
834
1748
1166
315
1001
262
1460
1327
345
1262
361
425
1346
1162
665
303
1663
324
1058
1362
1960
1131
4
1630
267
1722
1716
1445
508
528
29
1417
1368
360
440
655
982
428
208
405
1894
1510
1307
572
1478
799
728
1024
1299
308
1888
802
1852
447
1814
690
1275
662
1160
878
1704
201
882
800
113
1718
1906
1600
106
807
634
1321
1915
221
827
573
731
1411
949
1283
450
675
203
1710
1679
1175
808
364
513
1806
1397
526
64
1972
1492
1061
1347
562
224
1267
337
1812
1230
48
1143
1145
426
681
91
293
169
142
401
326
1201
1443
826
1565
56
38
472
749
1885
1228
100
1268
1252
1644
1538
1084
1598
1226
795
1285
861
1425
693
995
557
151
1567
704
47
21
153
1720
1578
1522
329
1588
1690
593
631
1116
1455
86
1200
1012
1790
542
745
1326
1654
1581
599
1542
1448
1788
932
1864
107
1042
458
916
588
1408
1841
1258
711
416
1094
990
1727
1781
483
666
1583
117
1883
515
1399
1741
1876
1424
161
1235
1523
1409
862
220
1928
121
177
1780
594
284
546
1916
536
1286
768
842
1217
1709
1913
1174
13
147
494
1619
917
529
1962
1828
846
1096
373
439
1851
1609
1553
1904
1712
398
58
112
964
597
490
1536
1074
736
1276
837
499
278
1649
331
804
1697
1357
759
167
1123
238
1970
576
1034
146
1140
1203
1987
1561
377
363
210
686
830
1656
694
53
123
1233
1639
1695
206
431
68
1078
1023
84
286
1373
218
947
1481
548
1057
411
1333
213
1898
1611
914
297
271
1115
59
255
1312
1375
668
942
1729
1738
1006
1934
1495
15
1090
1103
831
71
725
477
1867
810
902
1551
1159
1637
283
1951
650
1949
1562
1317
684
170
676
791
1136
1265
1527
1053
92
1525
1761
1691
1450
1805
1218
1807
1227
1666
128
1631
1469
1634
582
1889
270
1342
1961
1086
504
841
1953
1662
32
1021
903
1169
1456
1694
844
1557
1878
1869
1112
1793
621
976
1827
1059
627
890
190
388
436
1590
1127
1161
881
188
1117
90
1331
870
769
1193
1568
1678
1043
758
1801
419
327
564
309
1862
1513
1845
1941
1831
1674
1407
16
920
1768
1521
478
544
730
493
649
1899
473
217
296
707
1418
1422
1015
1404
120
729
1273
1966
1944
454
382
698
1597
1270
1902
1243
999
1856
358
87
1313
913
424
1451
1234
904
798
1770
712
1210
1817
1107
1014
578
57
219
552
1648
301
193
766
775
184
36
1717
543
1361
1416
330
114
1980
1593
1056
1920
855
300
1592
462
63
1603
307
673
1668
865
1413
1811
18
1165
1582
1907
1426
1062
561
152
933
1204
1914
984
602
1724
1821
1146
1950
1587
93
1324
207
887
683
965
960
1778
1011
1528
959
619
985
1824
522
956
459
122
1382
1643
163
73
225
417
945
1102
418
1464
1840
1293
423
12
1436
893
1627
1669
783
1795
143
261
374
486
1548
2
1491
989
554
1671
1191
46
1457
1838
1004
1369
659
397
1358
366
276
42
980
43
2000
978
1933
1392
1829
1130
1650
1344
115
125
1296
466
773
550
1774
661
1541
368
412
445
1154
1187
713
1085
1952
1475
1546
719
941
1403
1771
1486
741
1739
1470
1599
738
1263
1832
1670
669
581
1512
1205
341
1633
1309
1618
228
1151
1682
62
137
243
1707
1744
591
1419
1172
579
314
97
992
1875
605
699
1181
735
1672
244
1820
718
1754
1893
140
1148
680
996
1750
1998
103
919
408
442
1705
187
1401
403
518
1736
905
332
1605
722
689
692
700
178
860
1278
1221
1810
1439
1253
422
638
127
1743
1969
470
110
1655
1640
1213
1364
1574
558
55
457
646
1414
406
1487
407
384
1381
1651
104
714
1971
1818
273
1882
256
1110
1641
281
1222
772
516
1945
1580
280
857
1833
1250
679
257
498
601
706
1254
641
1183
1685
241
1661
1613
1398
894
1531
318
622
1797
150
1010
95
695
160
1570
49
519
1211
399
1429
1037
756
752
1009
410
1515
1762
547
1747
1363
353
1433
1948
742
1983
105
386
1524
1764
1471
595
1075
1489
1394
1616
1989
911
505
1049
1108
1713
1664
574
1917
1919
760
1251
31
1050
750
1566
906
214
294
186
1207
1910
938
1638
1848
1472
1552
1071
596
1164
51
1711
585
1122
1294
1534
1125
1379
215
227
222
1030
537
1142
1978
375
420
1188
304
1589
269
1178
1703
1496
134
328
1804
1246
67
1529
1868
484
1647
1065
1284
763
1271
1087
285
503
109
1735
1692
1467
390
1069
99
1714
1794
569
643
628
1699
1802
173
1260
966
1646
1683
1377
1249
1896
1232
321
1133
156
705
1608
897
1997
1849
342
962
1957
495
1462
509
1782
265
1389
323
948
489
1292
604
347
851
14
524
927
1314
1708
1573
1702
814
970
451
33
365
1236
1081
787
709
50
333
1322
983
688
553
723
1706
813
1310
1330
1484
786
145
1302
476
129
1304
448
471
1303
1199
413
1725
1985
1559
116
1035
1657
336
1114
682
1447
1614
79
1348
195
541
1427
974
437
747
1855
1027
805
1905
464
26
1029
1248
1461
1808
521
370
289
1931
1444
182
1052
148
391
1477
312
272
1676
17
1440
944
852
98
534
1617
194
1872
1323
937
69
1144
1800
1189
317
180
1356
702
717
264
822
452
133
1306
389
383
1039
824
575
1922
875
523
931
929
380
1067
1501
789
1028
183
1420
1080
511
1759
1884
172
1653
939
1895
379
1680
785
1041
1556
1658
1365
354
988
616
1020
755
164
1153
928
1911
233
1554
175
512
653
963
1452
1421
41
1209
670
1308
1584
1337
687
275
1355
1319
385
556
781
1835
94
1689
1038
232
1687
30
1733
372
1857
839
1026
11
737
660
392
1537
740
1247
1500
1826
1900
637
1612
1261
1763
290
1954
461
506
1937
1595
801
252
287
1993
753
1435
873
1386
829
311
715
1701
592
1784
720
1013
951
748
898
1843
306
460
343
1155
367
877
545
320
624
762
1244
1779
1047
531
80
1520
744
1881
1516
259
1606
1
1239
549
1476
1257
230
1700
1837
527
1182
212
1003
866
446
1345
672
869
119
1104
954
235
1338
764
1533
880
1974
1999
921
540
492
1530
510
812
1645
1986
1197
1760
1757
774
811
435
1092
1163
475
863
54
685
159
539
856
1088
565
788
1000
1113
630
1466
474
141
1901
892
1208
45
767
1335
260
1626
975
480
615
849
926
1432
1371
1176
455
923
1696
421
1942
1190
991
901
907
1963
651
1269
266
1988
1423
96
1082
777
322
1066
1880
463
1796
19
871
1730
918
821
295
1099
1936
40
1892
1586
1318
1374
1458
66
567
652
998
611
1742
254
636
972
796
1955
1604
1124
1903
258
771
967
1383
130
1343
761
691
357
1767
1967
249
724
1405
987
1214
1141
1184
1926
654
577
633
1474
1459
1965
1192
733
1031
1929
1792
60
7
1543
1396
65
1370
1093
237
1229
1079
139
1259
1550
1981
697
958
359
481
85
888
1508
1415
1223
1465
1438
994
1332
34
1625
803
1091
922
721
1932
734
520
1106
189
1494
415
968
1340
1497
1454
168
1991
487
1660
590
1328
443
952
943
1526
908
1842
1360
37
393
1607
6
1428
197
277
1861
858
350
1563
251
925
833
497
1390
1220
1272
555
491
645
441
239
1150
1320
1402
1334
864
338
977
1973
1799
1958
1325
1354
1311
1798
240
1157
1442
1938
1721
1506
617
35
613
1765
1412
1171
126
969
288
1859
362
1673
1137
355
1219
525
1212
1579
1463
444
1206
1072
815
1887
174
792
1064
955
1158
823
626
632
1813
1665
891
1225
1045
1215
1359
1297
1202
1022
618
1615
816
1241
242
348
409
434
1384
1305
1109
1073
432
1686
88
387
1622
1289
1498
1549
1594
154
658
644
924
1979
28
710
606
1349
806
584
74
1083
703
1652
1376
352
961
1836
912
39
1975
1453
1179
1990
854
1968
231
263
1897
1995
185
1352
1571
640
1596
1746
843
612
246
1077
1693
22
732
1194
739
395
1635
1237
1468
751
589
514
1786
1264
1620
1139
840
776
838
1943
1772
245
1871
1295
1168
200
1290
868
131
8
1180
1380
1018
1610
794
1329
971
176
598
782
166
934
23
1282
438
1558
1040
414
162
1629
1659
334
1387
667
1134
899
1890
1128
639
394
1939
1776
108
1095
1503
614
1684
316
310
1098
678
1752
1366
400
1504
867
61
1430
780
1256
1291
1783
1940
485
1935
1238
1135
1400
1755
191
1681
629
52
1391
1560
874
371
533
835
279
671
1032
1959
1063
305
1196
1992
1956
859
1147
1860
664
708
910
209
784
1976
847
298
1120
157
118
378
369
1555
1591
532
1732
535
479
915
981
1535
560
199
482
1547
1341
825
83
1834
1766
1177
896
1097
1446
1519
1100
1545
1216
876
770
1785
1198
647
884
1787
1499
1054
1866
607
1441
211
900
1675
765
449
657
1473
468
850
1996
1167
1891
716
1964
853
344
845
879
1007
1863
1544
1539
1046
111
832
946
1819
72
1186
1076
165
253
1909
1511
102
1585
1514
663
940
957
234
429
1300
77
1844
930
986
198
1839
1339
1809
936
1279
1129
226
1287
778
319
469
1118
1509
247
427
1847
1854
70
1624
1395
809
609
502
1482
82
1121
376
1908
1479
248
496
1280
950
1621
586
1315
1815
1298
818
701
1434
1572
1070
1274
1576
620
1033
1185
656
1101
1927
1753
196
1728
1025
1019
1483
1918
302
1281
743
727
820
1756
325
1036
1126
453
171
642
608
89
1351
1437
886
1994
1353
1877
274
1008
9
1921
1393
1119
1773
181
583
1170
1577
1758
1132
3
204
1017
205
973
1245
1946
136
1822
1517
76
1982
1865
1623
1350
1055
1242
1853
402
1505
1149
1858
1803
20
1816
25
1791
1749
1636
155
1564
1775
1825
1740
1288
1378
202
953
1388
292
339
404
570
1406
144
1930
1870
1886
1873
1947
587
1751
1726
396
1105
746
1628
1734
1156
1850
1089
1372
44
935
1507
1048
1698
1410
1688
993
677
192
1632
1152
1532
1984
1502
648
1830
5
566
335
1255
1002
1138
1231
1449
346
500
848
895
1723
1266
1540
299
1667
1874
1789
1060
223
1737
356
250
78
1879
538
1173
836
603
1642
997
530
236
1823
1493
600
291
551
563
229
1051
571
1846
179
1488
889
