95
37
112
113
82
16
157
48
189
190
111
98
39
102
2
77
138
182
171
198
173
13
46
133
23
57
192
56
100
12
17
33
114
106
135
162
176
25
130
73
186
44
3
76
144
149
86
99
24
41
152
78
92
59
26
155
47
120
163
177
32
15
131
170
168
91
118
148
181
142
184
54
83
147
70
94
103
64
50
9
166
90
4
143
30
62
124
117
161
156
199
194
164
119
6
20
49
28
38
196
60
74
14
136
40
175
18
27
121
1
127
79
53
165
183
67
19
126
63
129
128
81
167
116
174
125
141
5
123
160
134
93
55
169
68
195
61
188
21
200
45
172
29
88
145
75
22
72
193
7
42
96
179
80
151
110
97
107
87
89
132
105
58
180
51
158
104
85
139
108
34
115
191
154
185
187
52
10
71
8
31
36
178
65
197
159
84
43
109
146
140
122
137
69
150
153
101
66
35
11
